23
3    4    5
  0.066154     0.0968248     0.0805723    0.00192947    0.00124668     -0.013576     0.0119839    -0.0248997    0.00166485  -0.000489369    2.8154e-05  -5.17252e-07     0.0046834     0.0968248      0.202647     -0.202512    -0.0192305   -0.00103105  -1.60516e-05   -1.6236e-06     0.0968248     0.0142416    -0.0122612   -0.00108567  -7.98616e-05   2.10539e-07  -1.23983e-07     0.0968248      0.826197     -0.770554    -0.0648972   -0.00485169   2.71939e-05  -6.98405e-06
  0.069744      0.100252     0.0833558     0.0020489    0.00130732    -0.0152705     0.0143258    -0.0251085    0.00203204  -0.000572757   3.27267e-05   -5.8838e-07    0.00436494      0.100252      0.200606     -0.200658    -0.0195058   -0.00113631  -1.36271e-05   -1.9674e-06      0.100252     0.0110416   -0.00883334  -0.000776122  -6.77714e-05    5.8775e-07   -1.0971e-07      0.100252      0.535367     -0.476791    -0.0384953   -0.00349634   4.69969e-05  -5.01922e-06
  0.071538      0.101928     0.0847255    0.00210757    0.00133647    -0.0151054     0.0132991    -0.0242755    0.00205952   -0.00058581   3.31202e-05  -5.81252e-07    0.00430889      0.101928     0.0376027    -0.0372803   -0.00358515  -0.000205723  -2.02091e-06  -4.11045e-07      0.101928     0.0236538    -0.0214423   -0.00197048  -0.000157427   7.85007e-07  -2.78365e-07      0.101928      0.941836     -0.884729    -0.0775438   -0.00639391   5.21376e-05  -1.04437e-05
  0.073333      0.103584     0.0860827    0.00216555    0.00136484    -0.0273843     0.0353778    -0.0379164    0.00107077  -0.000471562   2.65484e-05  -4.32846e-07     0.0071929      0.103584       0.18029     -0.180287     -0.018069    -0.0010898   -1.2962e-05  -2.03214e-06      0.103584     0.0302673    -0.0280177   -0.00261303  -0.000212171   1.13764e-06  -3.91866e-07      0.103584      0.985078     -0.928238    -0.0817709    -0.0070985   7.14637e-05  -1.20828e-05
  0.075128      0.105217     0.0874274    0.00222278    0.00139242    -0.0310557     0.0510097    -0.0522487    0.00107661  -0.000488924    2.7505e-05   -4.4197e-07    0.00732363      0.105217      0.293318     -0.293475    -0.0300413   -0.00181839   -2.4845e-05  -3.43354e-06      0.105217     0.0506354    -0.0483281   -0.00471784  -0.000351832   1.31494e-07  -6.79667e-07      0.105217        1.3749       -1.3178     -0.122478   -0.00988348   5.60807e-05  -1.78709e-05
  0.076923       0.10683     0.0887601    0.00227922     0.0014192    -0.0564092     0.0991051    -0.0828647  -0.000986918  -0.000242608   1.42488e-05  -1.75349e-07     0.0131673       0.10683      0.146949     -0.146919    -0.0150524  -0.000959975  -9.24727e-06  -1.94965e-06       0.10683     0.0270817     -0.024579   -0.00233616  -0.000201033   1.27182e-06  -3.88505e-07       0.10683       1.26687      -1.20754     -0.113151   -0.00937297   5.85504e-05  -1.72006e-05
  0.078718      0.108422     0.0900814    0.00233487    0.00144517    -0.0314763     0.0455049    -0.0446489    0.00149103  -0.000598673   3.46129e-05   -5.8225e-07    0.00703763      0.108422      0.108538     -0.108483    -0.0111269  -0.000747564  -4.29101e-06  -1.62229e-06      0.108422     0.0268122    -0.0242101   -0.00230364   -0.00020914   1.72951e-06  -4.15062e-07      0.108422      0.815677     -0.754749    -0.0660376   -0.00671718   0.000105831  -1.20343e-05
  0.082308      0.111547     0.0926921    0.00244363     0.0014947    -0.0230316       0.01755    -0.0229101    0.00215392  -0.000749303   4.45426e-05   -7.9081e-07    0.00609193      0.111547     0.0639593    -0.0640486    -0.0064047  -0.000499181   1.53122e-06  -1.18444e-06      0.111547     0.0362957    -0.0335112   -0.00331378  -0.000300277    2.1838e-06   -6.3708e-07      0.111547       1.18399      -1.12254     -0.105729    -0.0101609   0.000125073  -2.02038e-05
  0.084103      0.113081     0.0939824    0.00249672    0.00151826    -0.0282636     0.0438342    -0.0456575    0.00274108  -0.000871076   5.28374e-05  -9.78844e-07    0.00515152      0.113081      0.071661    -0.0718897   -0.00719573  -0.000598689   3.49227e-06   -1.4499e-06      0.113081     0.0303956    -0.0274928   -0.00266381  -0.000270658   3.40845e-06  -5.88904e-07      0.113081      0.819265     -0.755674    -0.0665984   -0.00770083    0.00015737  -1.49472e-05
  0.085897      0.114597     0.0952627    0.00254888    0.00154099    -0.0222147     0.0234246    -0.0281099    0.00320768  -0.000955464   5.74993e-05  -1.05717e-06    0.00412821      0.114597      0.135652     -0.135957    -0.0144124   -0.00111554   1.42398e-08  -2.72339e-06      0.114597     0.0173349    -0.0141755   -0.00127926  -0.000162613   3.23443e-06  -3.39451e-07      0.114597      0.751264     -0.684883    -0.0601518     -0.007236   0.000155962  -1.39456e-05
  0.087692      0.116095     0.0965348    0.00260015    0.00156293    -0.0313921     0.0397113    -0.0382421    0.00257175  -0.000908676   5.57477e-05   -1.0298e-06    0.00628371      0.116095     0.0838563    -0.0840776   -0.00872144  -0.000729328   3.41405e-06  -1.85825e-06      0.116095     0.0104644   -0.00709899  -0.000529429  -0.000104868   3.31055e-06  -2.03172e-07      0.116095      0.382937     -0.312184    -0.0202426   -0.00422309    0.00016748  -6.80252e-06
  0.089487      0.117577     0.0977984     0.0026505    0.00158407    -0.0287365     0.0391029    -0.0389992    0.00349602   -0.00109343   6.87596e-05  -1.34434e-06    0.00463487      0.117577      0.194151     -0.194857     -0.021138    -0.0017272   3.22616e-06   -4.4421e-06      0.117577     0.0274801    -0.0241949   -0.00234084  -0.000270844   4.30201e-06  -6.14512e-07      0.117577       1.00512     -0.939694    -0.0873448    -0.0102992   0.000207294  -2.19788e-05
  0.091282      0.119043     0.0990539     0.0026999     0.0016044    -0.0333176     0.0411983    -0.0382493     0.0030124   -0.00105304   6.69792e-05  -1.28085e-06    0.00636539      0.119043      0.209709     -0.210399    -0.0232314   -0.00189717   2.95567e-06  -5.04786e-06      0.119043     0.0267564    -0.0233705   -0.00223093  -0.000277958   5.17211e-06  -6.42331e-07      0.119043       1.17527      -1.10856     -0.108048    -0.0119232   0.000199368  -2.64578e-05
  0.093077      0.120492      0.100302    0.00274833    0.00162394    -0.0386565     0.0546595    -0.0475617    0.00294579   -0.00107329   6.85276e-05   -1.2955e-06    0.00688971      0.120492       0.17154      -0.17216    -0.0190027   -0.00161887    6.5562e-06  -4.45541e-06      0.120492     0.0320763    -0.0286374   -0.00276453   -0.00035261   7.00404e-06   -8.4653e-07      0.120492       1.06167      -0.99464    -0.0940605    -0.0116311   0.000252054  -2.60817e-05
  0.094872      0.121926      0.101542     0.0027958    0.00164267      -0.03035     0.0365186     -0.035579     0.0036628   -0.00120333   7.70407e-05  -1.47913e-06     0.0052017      0.121926      0.174138     -0.174827    -0.0195143   -0.00167758   6.59438e-06  -4.73406e-06      0.121926     0.0257322    -0.0221243   -0.00202478  -0.000302073   7.50656e-06  -7.20492e-07      0.121926       1.14215        -1.075     -0.103124     -0.012929   0.000286923  -3.00729e-05
  0.096667      0.123345      0.102775    0.00284227    0.00166062    -0.0291349     0.0322323    -0.0327184    0.00373229   -0.00123976   7.93994e-05  -1.51107e-06    0.00521702      0.123345       0.16768     -0.168297     -0.019018   -0.00163848   6.03863e-06  -4.76907e-06      0.123345     0.0409215     -0.037284   -0.00376837  -0.000463763   8.27155e-06  -1.17573e-06      0.123345       1.41376      -1.34614      -0.13624    -0.0157678   0.000286277  -3.83636e-05
  0.100256      0.126139      0.105221     0.0029322    0.00169415    -0.0314784     0.0374218     -0.036068    0.00426913   -0.00141214   9.24684e-05  -1.80382e-06    0.00507706      0.126139      0.133228     -0.133952    -0.0149542   -0.00144358   1.46787e-05   -4.4215e-06      0.126139     0.0362047    -0.0322287   -0.00323455  -0.000436924   9.33444e-06  -1.14619e-06      0.126139       0.97654     -0.906497    -0.0832332    -0.0127126   0.000373884  -3.03696e-05
  0.102051      0.127515      0.106435    0.00297565    0.00170975    -0.0359021     0.0479515    -0.0419651     0.0046481   -0.00153678   0.000103006  -2.07813e-06    0.00499183      0.127515      0.124198      -0.12498    -0.0139185   -0.00140032   1.75314e-05  -4.40982e-06      0.127515     0.0305596    -0.0264219   -0.00253604  -0.000391591   1.01387e-05  -1.02326e-06      0.127515      0.284848     -0.214299    0.00327367   -0.00639712   0.000438223  -1.10695e-05
  0.103846      0.128878      0.107643    0.00301808    0.00172458    -0.0273279     0.0316572      -0.03135     0.0058293   -0.00176343    0.00011915  -2.46471e-06    0.00259365      0.128878      0.128107     -0.128891    -0.0145083   -0.00148092   1.95864e-05   -4.7799e-06      0.128878     0.0441982    -0.0401179   -0.00405753  -0.000582719    1.4091e-05  -1.61764e-06      0.128878       1.73672      -1.66846     -0.175109    -0.0221337   0.000481798  -6.03085e-05
  0.105641      0.130228      0.108845    0.00305948    0.00173865    -0.0348815     0.0406368    -0.0357818    0.00512192   -0.00171713   0.000117899  -2.44047e-06    0.00503551      0.130228      0.178326     -0.179281    -0.0209281   -0.00203633   1.80447e-05  -6.63699e-06      0.130228     0.0344761    -0.0302031   -0.00284666  -0.000491018   1.46758e-05  -1.34034e-06      0.130228       1.53214      -1.46741     -0.145228     -0.021569   0.000585349  -5.77072e-05
  0.107436      0.131565      0.110042    0.00309984    0.00175197    -0.0311556     0.0279421    -0.0265118    0.00513829   -0.00175244   0.000121033  -2.51214e-06    0.00505436      0.131565      0.214355     -0.215337    -0.0257465   -0.00244751   1.62611e-05  -8.14288e-06      0.131565     0.0375716    -0.0331515   -0.00323811  -0.000529862   1.45507e-05  -1.47358e-06      0.131565       1.17992       -1.1072     -0.107194    -0.0169589   0.000511387  -4.47342e-05
  0.109231      0.132889      0.111234    0.00313915    0.00176453    -0.0197647    0.00429562    -0.0107227    0.00657451   -0.00202264   0.000139671  -2.93722e-06     0.0022288      0.132889      0.266451     -0.267556    -0.0327391   -0.00304913   1.46133e-05  -1.03864e-05      0.132889     0.0433172    -0.0388052   -0.00390449  -0.000622198   1.68489e-05  -1.79594e-06      0.132889       1.46203      -1.39203     -0.138067    -0.0219556   0.000664025   -6.0814e-05
  0.111026      0.134202       0.11242    0.00317741    0.00177636    -0.0318401     0.0319509    -0.0301392    0.00576324   -0.00194402   0.000135396  -2.81958e-06    0.00451335      0.134202      0.165274     -0.166254    -0.0197682   -0.00200855    1.9953e-05  -6.96645e-06      0.134202     0.0408662    -0.0362478   -0.00351323  -0.000625976    1.9246e-05  -1.81404e-06      0.134202     -0.289371      0.343936       0.10614    -0.0060106   0.000923493   3.57659e-08
